Width: 1.663549e+06
Height: 1.812356e+06
X-coordinate: 1.425763e+06
Y-coordinate: 0.000000e+00
