Width: 3.411589e+06
Height: 4.923995e+06
X-coordinate: 5.193600e+05
Y-coordinate: 0.000000e+00
