Width: 9.653391e+06
Height: 1.018544e+07
X-coordinate: 7.987561e+06
Y-coordinate: 3.441761e+06
