Width: 9.793506e+06
Height: 2.573651e+06
X-coordinate: 9.637800e+05
Y-coordinate: 2.320255e+06
