Width: 2.745456e+07
Height: 1.320092e+07
X-coordinate: 2.447639e+07
Y-coordinate: 1.683258e+06
