Width: 1.840900e+05
Height: 5.739700e+04
X-coordinate: 0.000000e+00
Y-coordinate: 7.420000e+02
