Width: 3.119040e+05
Height: 7.904600e+04
X-coordinate: 1.067050e+05
Y-coordinate: 3.918100e+04
