Width: 7.667090e+05
Height: 3.558880e+05
X-coordinate: 6.592420e+05
Y-coordinate: 1.644180e+05
